1621.97
1506.965
1502.037
1608.318
1620.217
1620.097
1251.314
924.639
703.763
698.835
913.429
1237.701
1605.694
1616.026
1617.046
1217.187
834.344
511.697
424.792
672.518
1037.395
1431.647
1613.402
1614.034
1235.742
892.194
644.168
620.827
841.137
1174.675
1549.104
1611.929
1612.052
1225.989
868.761
597.394
557.748
785.821
1129.125
1510.177
1611.815
1611.429
1210.618
826.562
502.706
419.335
672.93
1040.439
1436.058
1613.097
1612.348
1301.019
1065.054
962.724
1034.793
1251.171
1551.938
1614.993
1626.984
1288.772
1011.0
856.416
892.347
1100.241
1405.221
1622.235
1623.468
1221.945
835.674
504.543
404.547
652.71
1020.104
1415.951
1617.503
1618.759
1236.14
884.638
622.155
585.787
806.816
1144.214
1521.608
1613.473
1614.217
1233.516
885.691
630.409
601.723
823.747
1160.002
1536.4
1610.442
1610.804
1209.075
823.099
494.791
406.967
663.471
1033.154
1429.93
1609.044
1608.839
1257.601
961.266
786.364
815.895
1032.302
1347.768
1609.287
1633.716
1340.034
1126.362
1044.234
1123.32
1335.095
1628.001
1629.688
1630.712
1232.433
852.015
532.607
440.473
676.317
1035.761
1427.497
1623.668
1625.378
1237.034
874.837
591.843
535.535
758.395
1101.909
1483.69
1617.633
1618.938
1241.677
899.533
652.845
628.106
845.13
1176.486
1549.666
1611.925
1612.956
1214.585
834.735
519.215
442.062
688.912
1051.672
1444.691
1607.49
1608.08
1230.275
889.176
648.095
634.986
860.325
1195.586
1571.021
1605.24
1604.865
1447.135
1400.007
1474.223
1604.778
1639.573
1409.609
1277.073
1273.454
1399.861
1625.906
1637.346
1637.828
1249.462
886.99
602.121
538.897
755.471
1096.57
1477.534
1631.167
1633.024
1238.808
865.428
559.458
478.08
704.303
1055.636
1442.584
1623.926
1625.693
1249.326
908.226
661.914
634.213
846.966
1175.7
1547.366
1616.139
1617.702
1225.053
855.498
559.974
497.624
731.008
1082.909
1469.715
1608.783
1610.204
1216.632
846.629
552.88
498.569
738.694
1093.497
1481.924
1603.51
1603.617
1355.404
1204.703
1189.77
1315.219
1546.788
1600.991
1644.108
1511.965
1487.467
1575.833
1643.944
1643.934
1274.012
943.44
711.735
688.685
890.794
1209.57
1574.899
1639.095
1640.697
1241.921
859.675
534.079
427.65
657.605
1016.334
1407.818
1631.641
1633.69
1255.581
910.864
656.99
619.73
828.98
1157.535
1529.546
1622.626
1624.568
1238.25
879.697
603.539
553.369
774.633
1115.646
1495.835
1612.912
1615.023
1214.26
830.138
505.677
419.537
671.105
1038.14
1433.72
1604.516
1605.571
1296.968
1065.668
969.833
1047.662
1267.253
1569.51
1599.224
1648.333
1307.584
1023.875
857.613
879.069
1077.087
1377.001
1646.436
1647.406
1246.96
861.295
527.331
406.964
636.384
997.617
1390.694
1639.912
1641.954
1259.878
907.643
639.343
586.417
793.418
1124.515
1498.811
1630.674
1632.829
1251.989
902.549
640.841
597.903
809.532
1141.546
1516.022
1619.503
1622.06
1220.497
834.212
503.336
404.784
654.105
1021.937
1418.075
1608.366
1610.472
1260.476
966.043
793.488
824.113
1039.998
1354.701
1599.971
1650.6
1352.818
1131.742
1038.786
1107.175
1311.755
1600.569
1652.137
1652.304
1254.744
874.311
550.977
440.23
660.026
1013.971
1403.192
1647.8
1649.449
1262.005
899.764
612.108
538.32
745.194
1081.767
1460.159
1639.406
1641.573
1264.313
920.455
666.47
625.364
829.607
1155.24
1525.636
1627.878
1630.602
1232.498
852.086
532.213
438.868
674.233
1033.56
1425.204
1614.816
1617.788
1240.771
900.338
658.465
640.314
860.227
1192.559
1566.476
1603.433
1602.666
1451.218
1410.994
1491.12
1596.642
1650.657
1415.067
1274.541
1261.952
1380.926
1602.081
1655.152
1654.795
1266.474
902.876
612.62
534.954
740.445
1077.285
1456.224
1654.364
1655.224
1262.13
889.366
580.567
482.823
692.55
1037.116
1420.806
1647.88
1649.798
1273.643
931.075
677.643
633.105
831.924
1154.095
1522.446
1637.144
1639.769
1247.402
876.922
575.458
494.397
713.657
1060.582
1445.219
1623.291
1626.756
1234.001
864.433
568.404
502.11
731.224
1081.532
1467.877
1609.496
1610.615
1364.17
1214.94
1200.389
1324.975
1555.167
1599.497
1648.934
1509.2
1476.343
1557.342
1654.362
1654.596
1283.905
951.134
713.795
681.649
877.7
1193.925
1557.99
1658.745
1658.537
1260.853
879.531
552.754
433.083
648.205
1001.217
1389.966
1655.178
1656.528
1278.899
933.306
673.558
620.653
816.091
1137.978
1506.554
1646.316
1648.601
1262.524
902.729
619.723
550.71
757.005
1091.98
1469.354
1632.95
1636.466
1236.635
853.011
525.854
421.827
657.559
1019.273
1412.51
1617.724
1620.361
1312.385
1080.48
981.371
1053.622
1268.023
1566.617
1604.928
1651.759
1309.582
1023.291
852.91
870.281
1066.252
1365.464
1660.229
1658.949
1259.269
874.309
539.815
410.648
629.798
987.176
1378.363
1660.486
1660.929
1279.581
927.239
655.13
589.39
784.035
1109.117
1480.277
1654.431
1656.151
1275.532
924.776
656.333
596.255
793.65
1119.313
1490.659
1642.795
1645.947
1245.315
859.402
525.255
405.982
637.137
999.199
1392.809
1627.399
1630.965
1281.644
986.435
808.811
829.049
1035.555
1344.532
1612.559
1646.657
1347.306
1124.394
1029.997
1098.207
1303.557
1593.287
1658.3
1656.371
1259.026
878.675
554.619
440.015
656.196
1008.745
1397.183
1663.159
1662.426
1275.819
914.15
625.072
542.82
740.199
1072.109
1448.03
1660.645
1661.581
1284.592
939.698
680.149
625.048
817.111
1136.894
1504.269
1651.8
1654.262
1256.935
876.53
552.527
439.169
657.005
1010.349
1399.311
1637.597
1641.4
1265.419
924.963
678.347
645.591
851.877
1177.144
1547.282
1621.792
1620.933
1467.348
1423.015
1497.804
1610.307
1639.974
1403.599
1263.182
1252.108
1373.59
1597.297
1652.649
1651.059
1262.362
898.265
607.551
531.067
738.913
1076.991
1456.448
1662.776
1660.774
1268.401
896.536
588.368
487.704
692.277
1034.093
1416.237
1664.31
1664.255
1288.482
945.462
688.484
634.247
824.033
1141.589
1507.444
1659.034
1660.59
1268.766
897.918
591.95
494.167
698.72
1039.983
1421.967
1647.293
1650.691
1259.197
890.355
591.264
508.024
720.201
1063.21
1445.983
1631.822
1633.506
1385.683
1232.304
1210.5
1326.836
1550.111
1618.071
1632.838
1494.793
1465.238
1550.551
1643.009
1643.569
1272.129
938.884
702.746
675.963
878.002
1197.682
1563.599
1659.179
1656.095
1258.775
878.198
553.176
436.629
652.379
1004.916
1393.187
1665.021
1663.818
1286.676
941.337
680.526
623.095
813.534
1132.603
1499.532
1663.769
1664.3
1278.557
918.252
631.366
550.381
746.039
1076.41
1451.495
1655.496
1658.004
1259.371
876.693
547.852
427.438
645.655
1000.89
1391.101
1641.707
1644.531
1336.419
1101.882
995.598
1057.419
1262.683
1554.975
1627.162
1634.672
1291.859
1006.082
839.476
864.711
1068.202
1372.26
1652.496
1648.851
1249.016
864.277
531.689
411.079
637.399
996.761
1388.617
1662.65
1660.248
1279.39
927.883
657.17
592.659
787.015
1111.396
1481.934
1665.548
1665.012
1284.61
933.553
662.832
596.242
787.663
1110.432
1480.212
1661.37
1662.715
1262.974
877.727
542.191
409.698
626.641
983.68
1374.941
1650.476
1653.349
1304.848
1008.933
826.044
835.007
1030.809
1332.988
1636.512
1625.275
1326.091
1105.555
1017.32
1094.253
1307.275
1602.373
1643.132
1639.782
1241.764
861.097
539.027
436.92
665.504
1022.465
1412.781
1657.353
1653.871
1267.584
906.984
621.211
546.166
748.403
1081.758
1458.087
1664.221
1662.633
1285.842
941.148
681.574
625.665
816.596
1135.591
1502.386
1664.335
1664.454
1267.61
887.44
562.083
440.45
649.865
1000.037
1387.437
1657.244
1659.376
1284.619
944.876
695.909
653.041
848.284
1167.257
1533.813
1645.159
1644.568
1486.865
1435.775
1502.381
1634.288
1616.343
1381.786
1246.079
1242.675
1372.6
1603.358
1631.724
1629.802
1240.109
875.604
587.989
525.973
748.115
1092.514
1475.02
1649.563
1645.327
1252.923
881.914
577.958
490.187
704.859
1050.012
1433.456
1659.946
1657.383
1281.83
939.619
685.066
635.625
829.006
1147.972
1514.331
1664.14
1663.128
1271.428
900.58
593.994
493.753
696.025
1036.284
1417.658
1661.326
1662.273
1271.881
904.234
605.243
515.373
718.315
1056.612
1436.857
1652.223
1653.314
1404.921
1248.752
1221.388
1330.87
1548.038
1641.362
1608.972
1475.939
1453.939
1547.845
1618.928
1619.89
1247.47
914.418
683.265
670.606
885.885
1212.711
1582.544
1639.958
1635.495
1237.687
857.389
536.343
437.257
667.845
1025.178
1415.451
1653.167
1649.781
1272.836
928.789
672.572
625.143
823.533
1146.007
1514.439
1660.883
1658.931
1273.093
912.91
627.014
549.353
748.161
1079.81
1455.362
1662.329
1661.981
1263.991
882.214
554.448
432.392
646.143
999.057
1387.973
1656.972
1658.111
1351.056
1116.647
1008.106
1065.064
1265.147
1553.388
1647.719
1610.965
1267.537
983.022
822.715
859.893
1074.129
1384.976
1629.41
1625.385
1224.629
839.502
510.004
409.163
653.45
1018.67
1413.099
1644.564
1640.603
1259.806
909.752
645.082
595.075
801.111
1130.427
1503.22
1654.986
1652.324
1271.763
921.255
653.629
595.502
794.475
1120.625
1491.942
1660.211
1658.724
1259.069
874.143
539.735
410.801
630.085
987.499
1378.715
1658.912
1659.238
1312.25
1018.153
836.492
844.142
1036.873
1336.326
1652.333
1603.795
1304.524
1086.144
1004.054
1089.861
1310.741
1611.431
1618.916
1616.009
1216.79
835.32
515.846
432.713
679.307
1042.853
1436.245
1634.991
1630.806
1244.327
884.932
605.596
548.486
765.219
1104.377
1483.368
1647.138
1644.003
1267.086
923.481
669.063
625.761
827.537
1151.579
1520.808
1655.295
1652.978
1255.763
875.519
551.706
438.581
656.467
1009.555
1398.108
1657.862
1657.06
1283.5
945.913
700.714
661.609
857.388
1175.542
1541.228
1654.585
1654.031
1497.885
1447.485
1513.572
1649.149
1598.925
1364.551
1230.999
1232.147
1367.697
1603.512
1609.496
1608.255
1217.287
851.963
567.151
520.416
757.324
1108.373
1494.29
1625.4
1621.42
1228.511
858.124
559.823
491.838
722.562
1073.649
1459.816
1638.212
1634.841
1259.205
918.5
670.626
636.716
843.079
1168.142
1537.522
1648.219
1645.431
1253.109
882.192
578.409
490.86
705.567
1050.784
1434.367
1653.99
1652.148
1262.251
896.096
601.569
521.275
729.979
1069.673
1450.231
1654.17
1653.84
1408.701
1256.466
1232.671
1344.181
1561.855
1650.489
1596.682
1463.035
1441.689
1537.476
1602.051
1602.787
1229.119
895.354
666.78
664.076
889.324
1221.823
1594.973
1616.753
1613.414
1214.833
834.46
517.361
437.564
684.083
1046.883
1439.7
1629.165
1625.809
1248.766
906.331
657.416
627.043
839.344
1168.244
1539.893
1639.861
1636.924
1250.427
890.526
609.092
546.917
760.072
1098.002
1476.553
1647.806
1645.257
1247.016
865.707
541.563
434.042
659.686
1016.181
1406.489
1651.113
1650.108
1346.234
1117.038
1015.523
1078.715
1282.224
1571.808
1649.923
1599.972
1255.124
969.479
810.08
851.812
1071.325
1386.005
1609.931
1607.579
1205.909
820.145
492.615
407.398
665.452
1035.393
1432.103
1620.947
1617.878
1236.894
888.193
630.371
597.367
816.966
1152.292
1528.092
1631.213
1628.385
1247.273
897.513
635.714
594.213
807.837
1140.794
1515.526
1640.109
1637.273
1236.809
851.568
519.895
408.512
644.496
1007.338
1400.871
1645.767
1643.939
1299.216
1009.973
837.48
856.23
1055.966
1358.483
1647.144
1599.853
1298.3
1077.197
993.041
1078.78
1301.024
1603.36
1605.648
1604.42
1204.267
821.795
502.542
428.421
684.557
1051.943
1447.328
1614.404
1611.897
1225.118
866.556
592.602
550.663
779.249
1123.327
1504.775
1623.266
1620.743
1243.428
900.894
652.854
625.667
841.109
1171.712
1544.347
1631.88
1629.139
1230.851
850.023
529.056
434.573
670.666
1030.356
1421.908
1638.794
1636.39
1263.897
929.687
693.759
670.712
877.51
1200.164
1567.83
1642.312
1641.805
1495.997
1457.676
1534.976
1642.701
1602.166
1363.176
1223.69
1219.071
1350.798
1584.862
1604.369
1604.101
1212.15
845.362
558.779
513.57
754.611
1108.181
1495.635
1610.199
1608.482
1215.225
845.109
550.053
493.387
732.833
1087.269
1475.138
1616.895
1614.841
1238.926
899.31
657.319
637.463
855.412
1186.094
1558.462
1624.153
1621.784
1228.397
857.059
556.843
487.077
718.601
1070.681
1457.579
1631.079
1628.517
1238.607
873.997
586.763
526.358
749.929
1095.022
1477.964
1635.92
1634.768
1396.966
1255.684
1244.768
1367.301
1592.287
1637.871
1606.366
1462.009
1428.626
1513.8
1606.271
1606.441
1231.431
895.096
661.799
654.468
878.852
1211.943
1585.813
1608.744
1607.925
1209.062
828.563
512.446
437.922
688.718
1053.14
1446.873
1612.773
1611.336
1234.085
892.453
647.948
628.142
848.974
1181.975
1555.85
1617.871
1616.04
1228.655
868.639
591.153
544.085
771.034
1115.187
1496.928
1623.63
1621.313
1222.33
841.089
521.371
434.762
677.752
1040.035
1432.958
1628.711
1627.016
1327.967
1107.814
1020.026
1097.126
1309.996
1604.793
1631.781
1610.959
1263.743
973.348
805.647
838.682
1053.702
1366.837
1610.152
1610.153
1208.345
822.224
493.623
405.821
662.939
1032.939
1429.871
1611.306
1610.614
1229.497
881.169
625.645
598.443
822.63
1160.122
1537.158
1613.772
1612.567
1230.793
881.083
622.687
592.242
815.811
1153.631
1531.003
1617.429
1615.649
1214.124
828.173
498.831
405.904
658.814
1027.407
1423.642
1621.596
1619.759
1277.669
994.763
835.141
870.186
1080.962
1389.023
1624.961
1616.959
1310.962
1081.828
985.996
1060.727
1276.238
1575.196
1614.215
1614.745
1214.519
831.324
508.707
424.153
674.426
1040.464
1435.449
1612.604
1612.714
1225.956
867.437
593.578
551.601
780.04
1124.148
1505.759
1612.307
1611.78
1234.001
891.408
645.262
624.179
845.277
1178.878
1553.265
1613.296
1612.199
1212.861
831.136
511.516
430.571
680.005
1044.796
1438.883
1615.52
1613.98
1242.469
911.769
685.962
680.29
898.919
1226.711
1596.906
1618.172
1617.745
1488.602
1469.872
1565.505
1619.888
1623.638
1376.549
1224.774
1205.662
1325.131
1551.174
1620.4
1621.001
1228.735
860.249
567.094
506.238
737.856
1088.572
1474.926
1616.474
1617.316
1224.339
854.212
557.567
494.303
728.26
1080.664
1467.708
1613.609
1613.792
1237.579
897.591
655.372
636.17
855.247
1186.777
1559.792
1611.774
1611.392
1217.143
844.953
545.236
482.916
722.557
1078.338
1467.238
1611.34
1610.423
1220.492
857.15
576.049
531.609
766.323
1115.567
1500.52
1612.268
1611.349
1382.331
1254.169
1258.539
1394.101
1613.615
1630.198
1470.48
1418.456
1485.792
1627.877
1628.055
1251.966
912.063
668.594
643.88
857.208
1185.969
1557.919
1622.428
1623.773
1225.492
845.162
526.581
438.876
678.729
1039.444
1431.584
1617.495
1618.38
1241.02
898.713
651.802
627.078
844.416
1176.03
1549.376
1613.067
1613.365
1225.344
864.431
586.01
540.097
769.719
1115.6
1498.462
1609.687
1609.544
1210.12
828.838
511.448
435.865
687.415
1052.686
1447.13
1608.073
1607.344
1312.948
1101.319
1026.026
1115.272
1336.145
1608.024
1635.006
1285.3
988.759
808.143
824.514
1028.532
1336.369
1629.725
1631.205
1230.175
844.332
512.685
406.275
648.071
1013.261
1408.105
1623.497
1624.991
1244.039
894.981
635.418
598.004
814.135
1148.135
1523.545
1617.029
1617.947
1235.727
884.885
623.599
588.469
809.684
1147.0
1524.386
1610.873
1611.493
1209.501
822.975
493.326
403.719
660.755
1031.102
1428.352
1606.253
1606.189
1266.277
988.111
837.298
882.406
1099.414
1410.472
1603.933
1641.039
1330.495
1092.455
982.481
1042.478
1248.046
1541.468
1637.421
1638.63
1239.097
855.796
528.706
422.725
656.018
1016.654
1409.256
1630.917
1632.799
1246.566
887.619
609.116
552.397
768.485
1107.349
1486.466
1623.204
1624.659
1246.595
902.571
651.559
620.793
835.162
1166.07
1539.305
1614.843
1616.108
1216.448
833.944
512.114
426.641
674.709
1039.669
1434.083
1607.214
1608.034
1237.412
908.797
687.628
688.046
909.762
1238.612
1602.009
1600.9
1486.842
1485.021
1595.758
1599.626
1645.547
1391.198
1228.022
1194.821
1301.783
1519.305
1644.416
1645.102
1253.041
883.343
583.275
501.714
717.805
1062.927
1446.729
1638.888
1640.807
1248.723
878.728
577.978
496.815
714.754
1060.756
1444.779
1630.898
1632.757
1256.452
914.888
666.371
633.615
842.36
1169.286
1540.093
1621.194
1622.936
1228.516
855.316
551.513
478.471
711.583
1065.574
1453.886
1611.021